"","GDP_2011","Budget_in_r","Budget_out_r","Out_general_r","Out_defense_r","Out_economy_r","Out_educ_r","Out_soc_r","Brent"
"1",10954.0773974714,2254.47645271142,2046.11642183702,103.826474243985,204.460615396386,147.151503336104,273.934749306568,148.957085345346,29.06
"2",11164.6687661776,2363.15089733366,2180.19699237416,99.4188157036111,209.153025651606,161.709511616196,283.518971805715,206.48816182197,31.62666667
"3",11342.2466213206,2598.2708692378,2215.43494620802,120.83634046675,212.738432140132,183.176103684433,287.392424528903,161.982735721387,35.20333333
"4",11510.0052641007,2764.08962063462,2265.20353982146,139.197658774203,217.565314772981,210.304400684467,291.498761506404,191.817292236999,42.67
"5",11620.2314144568,2899.08572859711,2347.23977246351,161.520404507005,220.935602353475,244.022129729011,300.17215782227,224.185774450574,44.35
"6",11820.1010177284,3195.69896648692,2427.69021666276,262.748391853371,232.4168849552,291.065020854966,314.530389538505,183.252605379985,49.68666667
"7",12018.8460309631,3083.77742611309,2392.46936698871,273.322333062235,248.273662251446,312.104725682351,330.593675041043,120.716256475241,51.33666667
"8",12215.6442213682,3406.80704665401,2860.14664133718,336.408267534277,263.45444279526,348.559660170166,346.233578280791,286.689601610341,62.98
"9",12468.3417201899,3608.79022402725,2734.36989223442,317.862963160142,276.065771964052,342.465952960007,359.612764927012,331.64461950905,56.87666667
"10",12725.5675999423,3775.06645705197,3000.34587010627,327.224581962048,280.181078048098,357.757988970182,373.43951195906,510.180811222578,63.47333333
"11",12978.3837707602,4358.7778598243,3426.69726978865,320.256237079321,271.485660646331,366.831812914833,391.584972201446,1036.9855014537,71.42666667
"12",13236.9931026986,4132.55916030586,3082.27665380173,313.590525002729,268.743387600233,383.781211239518,409.456149172553,915.931763749415,68.72333333
"13",13518.0368358556,4313.34376528572,3428.16927925327,338.727524660429,275.864158687463,404.447593787787,427.363083344132,1000.06925884926,60.50666667
"14",13803.3203143779,4423.98563396258,3614.31155885798,320.97798468091,284.956635847422,440.801445385424,447.108925125615,1080.71699618285,62.09666667
"15",14091.6216405829,4434.22752555475,3688.85978027053,410.556052283394,298.689013749034,482.057895536009,459.051017553902,834.354125450224,69.78666667
"16",14307.5420111454,4840.40734563946,4081.56364747112,414.800329497596,306.50519314236,513.331922854116,478.552953126856,993.766253413066,77.77666667
"17",14756.5629678651,5246.12382799095,4347.22150337192,485.467791013857,303.806706334472,602.799019119822,500.112376759748,1054.2406322596,90.99666667
"18",15134.6878102308,5304.56605760607,4288.03856516993,466.819492184683,304.901717688539,596.079371251176,500.551485274872,1040.48435786776,97.51
"19",15219.9121832014,5384.55892157089,4463.48755122001,426.388356406662,319.285814876552,683.983508624848,518.991516936038,1157.83574541548,127.0933333
"20",15074.0830726667,5125.34108399148,4461.23721934896,418.140537069419,331.079186035375,713.458623628172,527.291498807441,1166.37187856354,112.6966667
"21",14463.5024204951,4406.58824021604,4579.02771393247,381.351674196472,346.588543843817,751.682237057031,522.955335362159,1179.96297494169,54.89333333
"22",13825.3444175289,4039.10578737704,4571.93229588117,381.435372802666,344.690237052192,837.868423456993,517.099007169379,1221.79962291739,46.81666667
"23",13703.4994822936,3691.56429048279,4541.30059238645,374.325209428726,347.493208263121,798.269955954156,512.141415657357,1232.33209797084,61.95333333
"24",13819.672912663,3787.6874296125,4640.59114158408,367.711781343467,347.698120413698,805.876174839687,506.015927952382,1339.46661156544,69.92
"25",13966.9073898206,3989.79106001172,4503.52356243841,358.469919320262,339.068029983527,709.078665230723,500.360500203846,1422.57377926359,77.12666667
"26",14291.6018075516,4103.86688199448,4580.89275176141,382.011133829784,346.187171728713,697.131636701961,504.712890241406,1495.05863758131,77.12666667
"27",14402.3052940584,4254.35483653709,4635.79377186344,366.154165146278,335.723378377971,620.172331425294,500.079943702082,1592.23681714476,78.87
"28",14415.9624269748,4208.72279510025,4574.10027117151,375.869396872862,331.7367116125,638.909423100162,502.115381992052,1560.63000599524,78.26333333
"29",14645.3754840257,4358.55529239831,4603.85165690702,365.789095666373,337.581452298406,629.654500975194,506.319204821127,1595.75502495529,84.355
"30",14762.5300886043,4746.28044711599,4715.29998738558,321.606276480268,323.830516037651,630.798773553787,506.965679329012,1598.26465934986,109.9433333
"31",14905.7182726022,5049.20746485245,4784.88537176246,353.124176368561,367.305454480966,669.454811269762,537.441036971174,1569.1074602314,111.3933333
"32",15155.8409573733,5293.73132821453,5029.36486845075,327.835866194406,414.797345951995,681.30950195844,564.168478046892,1634.27134625232,108.9266667
"33",15376.692135971,5451.63461859082,5241.39729652182,352.306907213042,429.365017254881,735.857211731946,600.734376099854,1651.78974530757,119
"34",15536.4695771024,5413.38334872345,5313.12415997338,369.670876625887,457.786013308479,736.43529747477,619.265588835739,1713.1546860684,106.22
"35",15590.7878134648,5466.04251883087,5392.37692331964,344.825952938161,437.719295620855,772.390687117428,618.67267241128,1701.71456154439,106.22
"36",15639.2733829625,5448.87834825015,5358.61075609547,360.658720736941,407.025769719105,773.573532765479,617.749940350939,1735.18299501702,110.56
"37",15658.0373480466,5405.23235994756,5378.98816665358,330.00387426964,417.188277287706,726.044589250172,610.357267518885,1718.25095339765,110.2266667
"38",15793.7409957591,5338.1952703076,5402.07644264965,328.985224580776,428.077706501274,775.137522371154,640.624967149055,1786.56835142436,111.8166667
"39",15836.096918423,5256.86468455541,5485.5105473285,334.834134650026,454.97196393768,710.950036004643,635.667537623395,1842.24301859479,101.13
"40",15883.2111735873,5301.66787871105,5494.43995768301,325.816576672518,471.722779602654,741.185751439105,637.052521056768,1792.1760092789,110.1166667
"41",15967.0342746866,5353.69850290069,5480.08202871639,334.061225089404,502.798342993462,735.569685057042,646.745543492035,1875.33445236537,109.97
"42",15969.1971325332,5453.16762111991,5523.27319017604,336.289842341071,508.60491697917,750.027144563672,634.505626669154,1708.10327411628,107.38
"43",16037.9186887772,5415.61497593111,5437.28279188217,319.605762450127,500.757848607173,797.782705881856,621.835011172941,1661.95191434086,110.01
"44",16009.2672872352,5271.64699483473,5506.73306838784,325.586114303879,511.539591919076,782.952131607969,615.921921716669,1790.45375190093,101.1433333
"45",15954.5481136843,5117.5568061024,5588.16322155484,312.536130327372,488.186245252601,822.88543152032,600.648245063103,1740.56434778498,70.61333333
"46",15668.0043942415,4891.94069045821,5412.15690241796,311.057319843546,542.031264758624,767.300991317544,562.100452110444,1771.58592010495,56.84333333
"47",15566.8191663114,4719.26833529536,5317.27372878145,325.562475187719,483.377449127332,706.24444467305,553.962975439343,1879.63763505797,65.04333333
"48",15562.396112769,4574.95173443442,5139.34612560966,312.53935295024,452.397694718749,652.821961937412,546.364433820732,1756.66425388577,51.13666667
"49",15473.4035812771,4357.98974195239,4885.95255741801,342.201098253757,443.872230319138,663.421311046147,513.329502113427,1733.26242563805,43.86666667
"50",15531.5024946451,4362.03173046898,4948.62579618999,324.887434102351,459.433600468275,597.697224613685,518.455186449557,1717.35077350463,37.56333333
"51",15509.5033243491,4423.51556838748,5032.23081322767,316.324941127982,506.168941418242,681.004461670768,518.319426326854,1710.23248046631,48.86
"52",15500.5309362826,4550.50257530421,5089.64764075035,315.932771041427,552.45818205303,669.742887749078,508.177280496858,1769.74899670392,46.74333333
"53",15545.2989338083,4810.75064218601,5197.22402917457,291.739829838693,596.142000229691,693.75943996266,523.601962846116,1827.57105818284,52.26
"54",15605.3759782443,4941.40494343797,5204.36162201055,297.375861899087,556.383966743571,726.506211479425,527.170386174558,1935.9187853645,55.18666667
